{
 "cells": [
  {
   "cell_type": "code",
   "execution_count": 24,
   "metadata": {},
   "outputs": [],
   "source": [
    "import pandas as pd\n",
    "import matplotlib.pyplot as plt\n",
    "from matplotlib.image import BboxImage\n",
    "from matplotlib.transforms import Bbox, TransformedBbox\n",
    "import numpy as np\n",
    "from matplotlib.text import OffsetFrom"
   ]
  },
  {
   "cell_type": "code",
   "execution_count": 2,
   "metadata": {},
   "outputs": [
    {
     "output_type": "execute_result",
     "data": {
      "text/plain": "       Season         Squad  Country             Comp LgRank    MP     W  \\\n0   2020-2021  Leeds United  eng ENG   1. Premiership    NaN   NaN   NaN   \n1   2019-2020  Leeds United  eng ENG  2. Championship    1st  45.0  27.0   \n2   2018-2019  Leeds United  eng ENG  2. Championship    3rd  46.0  25.0   \n3   2017-2018  Leeds United  eng ENG  2. Championship   13th  46.0  17.0   \n4   2016-2017  Leeds United  eng ENG  2. Championship    7th  46.0  22.0   \n5   2015-2016  Leeds United  eng ENG  2. Championship   13th  46.0  14.0   \n6   2014-2015  Leeds United  eng ENG  2. Championship   15th  46.0  15.0   \n7   2013-2014  Leeds United  eng ENG  2. Championship   15th  46.0  16.0   \n8   2012-2013  Leeds United  eng ENG  2. Championship   13th  46.0  17.0   \n9   2011-2012  Leeds United  eng ENG  2. Championship   14th  46.0  17.0   \n10  2010-2011  Leeds United  eng ENG  2. Championship    7th  46.0  19.0   \n11  2009-2010  Leeds United  eng ENG    3. League One    2nd  46.0  25.0   \n12  2008-2009  Leeds United  eng ENG    3. League One    4th  46.0  26.0   \n13  2007-2008  Leeds United  eng ENG    3. League One    5th  46.0  27.0   \n14  2006-2007  Leeds United  eng ENG  2. Championship   24th  46.0  13.0   \n15  2005-2006  Leeds United  eng ENG  2. Championship    5th  46.0  21.0   \n16  2004-2005  Leeds United  eng ENG  2. Championship   14th  46.0  14.0   \n17  2003-2004  Leeds United  eng ENG   1. Premiership   19th  38.0   8.0   \n18  2002-2003  Leeds United  eng ENG   1. Premiership   15th  38.0  14.0   \n19  2001-2002  Leeds United  eng ENG   1. Premiership    5th  38.0  18.0   \n20  2000-2001  Leeds United  eng ENG   1. Premiership    4th  38.0  20.0   \n21  1999-2000  Leeds United  eng ENG   1. Premiership    3rd  38.0  21.0   \n22  1998-1999  Leeds United  eng ENG   1. Premiership    4th  38.0  18.0   \n23  1997-1998  Leeds United  eng ENG   1. Premiership    5th  38.0  17.0   \n24  1996-1997  Leeds United  eng ENG   1. Premiership   11th  38.0  11.0   \n25  1995-1996  Leeds United  eng ENG   1. Premiership   13th  38.0  12.0   \n26  1994-1995  Leeds United  eng ENG   1. Premiership    5th  42.0  20.0   \n27  1993-1994  Leeds United  eng ENG   1. Premiership    5th  42.0  18.0   \n28  1992-1993  Leeds United  eng ENG   1. Premiership   17th  42.0  12.0   \n\n       D     L    GF    GA  GDiff   Pts  Attendance  \\\n0    NaN   NaN   NaN   NaN    NaN   NaN         NaN   \n1    9.0   9.0  73.0  35.0   38.0  90.0     35321.0   \n2    8.0  13.0  73.0  50.0   23.0  83.0     34033.0   \n3    9.0  20.0  59.0  64.0   -5.0  60.0     31525.0   \n4    9.0  15.0  61.0  47.0   14.0  75.0     27698.0   \n5   17.0  15.0  50.0  58.0   -8.0  59.0     22446.0   \n6   11.0  20.0  50.0  61.0  -11.0  56.0     24052.0   \n7    9.0  21.0  59.0  67.0   -8.0  57.0     25088.0   \n8   10.0  19.0  57.0  66.0   -9.0  61.0     21572.0   \n9   10.0  19.0  65.0  68.0   -3.0  61.0     23283.0   \n10  15.0  12.0  81.0  70.0   11.0  72.0     27299.0   \n11  11.0  10.0  77.0  44.0   33.0  86.0     24818.0   \n12   6.0  14.0  77.0  49.0   28.0  84.0     23639.0   \n13  10.0   9.0  72.0  38.0   34.0  76.0     26546.0   \n14   7.0  26.0  46.0  72.0  -26.0  36.0     21613.0   \n15  15.0  10.0  57.0  38.0   19.0  78.0     22891.0   \n16  18.0  14.0  49.0  52.0   -3.0  60.0     29207.0   \n17   9.0  21.0  40.0  79.0  -39.0  33.0     36666.0   \n18   5.0  19.0  58.0  57.0    1.0  47.0     39120.0   \n19  12.0   8.0  53.0  37.0   16.0  66.0     39752.0   \n20   8.0  10.0  64.0  43.0   21.0  68.0     38974.0   \n21   6.0  11.0  58.0  43.0   15.0  69.0     39154.0   \n22  13.0   7.0  62.0  34.0   28.0  67.0     35845.0   \n23   8.0  13.0  57.0  46.0   11.0  59.0     34444.0   \n24  13.0  14.0  28.0  38.0  -10.0  46.0     32109.0   \n25   7.0  19.0  40.0  57.0  -17.0  43.0     32413.0   \n26  13.0   9.0  59.0  38.0   21.0  73.0     33433.0   \n27  16.0   8.0  65.0  39.0   26.0  70.0     36368.0   \n28  15.0  15.0  57.0  62.0   -5.0  51.0     29229.0   \n\n                 Top Team Scorer              Goalkeeper  \\\n0                            NaN                     NaN   \n1           Patrick Bamford - 16            Kiko Casilla   \n2               Kemar Roofe - 14  Bailey Peacock-Farrell   \n3               Kemar Roofe - 11          Felix Wiedwald   \n4                Chris Wood - 27            Robert Green   \n5                Chris Wood - 13         Marco Silvestri   \n6           Mirco Antenucci - 10         Marco Silvestri   \n7            Ross McCormack - 28             Paddy Kenny   \n8           Luciano Becchio - 16             Paddy Kenny   \n9            Ross McCormack - 18           Andy Lonergan   \n10          Luciano Becchio - 19       Kasper Schmeichel   \n11        Jermaine Beckford - 25        Casper Ankergren   \n12        Jermaine Beckford - 26        Casper Ankergren   \n13        Jermaine Beckford - 20        Casper Ankergren   \n14              David Healy - 11        Casper Ankergren   \n15    Rob Hulse David Healy - 12           Neil Sullivan   \n16              David Healy - 12           Neil Sullivan   \n17              Mark Viduka - 11           Paul Robinson   \n18              Mark Viduka - 20           Paul Robinson   \n19            Robbie Fowler - 15            Nigel Martyn   \n20              Mark Viduka - 17            Nigel Martyn   \n21          Michael Bridges - 19            Nigel Martyn   \n22  Jimmy Floyd Hasselbaink - 18            Nigel Martyn   \n23  Jimmy Floyd Hasselbaink - 16            Nigel Martyn   \n24    Brian Deane Lee Sharpe - 5            Nigel Martyn   \n25              Tony Yeboah - 12              John Lukic   \n26              Tony Yeboah - 12              John Lukic   \n27              Rod Wallace - 17             Mark Beeney   \n28              Lee Chapman - 13              John Lukic   \n\n                                        Notes  \n0                                         NaN  \n1                                    Promoted  \n2                               → Semi-finals  \n3                                         NaN  \n4                                         NaN  \n5                                         NaN  \n6                                         NaN  \n7                                         NaN  \n8                                         NaN  \n9                                         NaN  \n10                                        NaN  \n11                                   Promoted  \n12                              → Semi-finals  \n13        → Semi-finals  15-point deduction *  \n14             Relegated 10-point deduction *  \n15                              → Semi-finals  \n16                                        NaN  \n17                                  Relegated  \n18                                        NaN  \n19               → UEFA Cup via league finish  \n20               → UEFA Cup via league finish  \n21  → UEFA Champions League via league finish  \n22               → UEFA Cup via league finish  \n23               → UEFA Cup via league finish  \n24                                        NaN  \n25                                        NaN  \n26               → UEFA Cup via league finish  \n27                                        NaN  \n28                                        NaN  ",
      "text/html": "<div>\n<style scoped>\n    .dataframe tbody tr th:only-of-type {\n        vertical-align: middle;\n    }\n\n    .dataframe tbody tr th {\n        vertical-align: top;\n    }\n\n    .dataframe thead th {\n        text-align: right;\n    }\n</style>\n<table border=\"1\" class=\"dataframe\">\n  <thead>\n    <tr style=\"text-align: right;\">\n      <th></th>\n      <th>Season</th>\n      <th>Squad</th>\n      <th>Country</th>\n      <th>Comp</th>\n      <th>LgRank</th>\n      <th>MP</th>\n      <th>W</th>\n      <th>D</th>\n      <th>L</th>\n      <th>GF</th>\n      <th>GA</th>\n      <th>GDiff</th>\n      <th>Pts</th>\n      <th>Attendance</th>\n      <th>Top Team Scorer</th>\n      <th>Goalkeeper</th>\n      <th>Notes</th>\n    </tr>\n  </thead>\n  <tbody>\n    <tr>\n      <th>0</th>\n      <td>2020-2021</td>\n      <td>Leeds United</td>\n      <td>eng ENG</td>\n      <td>1. Premiership</td>\n      <td>NaN</td>\n      <td>NaN</td>\n      <td>NaN</td>\n      <td>NaN</td>\n      <td>NaN</td>\n      <td>NaN</td>\n      <td>NaN</td>\n      <td>NaN</td>\n      <td>NaN</td>\n      <td>NaN</td>\n      <td>NaN</td>\n      <td>NaN</td>\n      <td>NaN</td>\n    </tr>\n    <tr>\n      <th>1</th>\n      <td>2019-2020</td>\n      <td>Leeds United</td>\n      <td>eng ENG</td>\n      <td>2. Championship</td>\n      <td>1st</td>\n      <td>45.0</td>\n      <td>27.0</td>\n      <td>9.0</td>\n      <td>9.0</td>\n      <td>73.0</td>\n      <td>35.0</td>\n      <td>38.0</td>\n      <td>90.0</td>\n      <td>35321.0</td>\n      <td>Patrick Bamford - 16</td>\n      <td>Kiko Casilla</td>\n      <td>Promoted</td>\n    </tr>\n    <tr>\n      <th>2</th>\n      <td>2018-2019</td>\n      <td>Leeds United</td>\n      <td>eng ENG</td>\n      <td>2. Championship</td>\n      <td>3rd</td>\n      <td>46.0</td>\n      <td>25.0</td>\n      <td>8.0</td>\n      <td>13.0</td>\n      <td>73.0</td>\n      <td>50.0</td>\n      <td>23.0</td>\n      <td>83.0</td>\n      <td>34033.0</td>\n      <td>Kemar Roofe - 14</td>\n      <td>Bailey Peacock-Farrell</td>\n      <td>→ Semi-finals</td>\n    </tr>\n    <tr>\n      <th>3</th>\n      <td>2017-2018</td>\n      <td>Leeds United</td>\n      <td>eng ENG</td>\n      <td>2. Championship</td>\n      <td>13th</td>\n      <td>46.0</td>\n      <td>17.0</td>\n      <td>9.0</td>\n      <td>20.0</td>\n      <td>59.0</td>\n      <td>64.0</td>\n      <td>-5.0</td>\n      <td>60.0</td>\n      <td>31525.0</td>\n      <td>Kemar Roofe - 11</td>\n      <td>Felix Wiedwald</td>\n      <td>NaN</td>\n    </tr>\n    <tr>\n      <th>4</th>\n      <td>2016-2017</td>\n      <td>Leeds United</td>\n      <td>eng ENG</td>\n      <td>2. Championship</td>\n      <td>7th</td>\n      <td>46.0</td>\n      <td>22.0</td>\n      <td>9.0</td>\n      <td>15.0</td>\n      <td>61.0</td>\n      <td>47.0</td>\n      <td>14.0</td>\n      <td>75.0</td>\n      <td>27698.0</td>\n      <td>Chris Wood - 27</td>\n      <td>Robert Green</td>\n      <td>NaN</td>\n    </tr>\n    <tr>\n      <th>5</th>\n      <td>2015-2016</td>\n      <td>Leeds United</td>\n      <td>eng ENG</td>\n      <td>2. Championship</td>\n      <td>13th</td>\n      <td>46.0</td>\n      <td>14.0</td>\n      <td>17.0</td>\n      <td>15.0</td>\n      <td>50.0</td>\n      <td>58.0</td>\n      <td>-8.0</td>\n      <td>59.0</td>\n      <td>22446.0</td>\n      <td>Chris Wood - 13</td>\n      <td>Marco Silvestri</td>\n      <td>NaN</td>\n    </tr>\n    <tr>\n      <th>6</th>\n      <td>2014-2015</td>\n      <td>Leeds United</td>\n      <td>eng ENG</td>\n      <td>2. Championship</td>\n      <td>15th</td>\n      <td>46.0</td>\n      <td>15.0</td>\n      <td>11.0</td>\n      <td>20.0</td>\n      <td>50.0</td>\n      <td>61.0</td>\n      <td>-11.0</td>\n      <td>56.0</td>\n      <td>24052.0</td>\n      <td>Mirco Antenucci - 10</td>\n      <td>Marco Silvestri</td>\n      <td>NaN</td>\n    </tr>\n    <tr>\n      <th>7</th>\n      <td>2013-2014</td>\n      <td>Leeds United</td>\n      <td>eng ENG</td>\n      <td>2. Championship</td>\n      <td>15th</td>\n      <td>46.0</td>\n      <td>16.0</td>\n      <td>9.0</td>\n      <td>21.0</td>\n      <td>59.0</td>\n      <td>67.0</td>\n      <td>-8.0</td>\n      <td>57.0</td>\n      <td>25088.0</td>\n      <td>Ross McCormack - 28</td>\n      <td>Paddy Kenny</td>\n      <td>NaN</td>\n    </tr>\n    <tr>\n      <th>8</th>\n      <td>2012-2013</td>\n      <td>Leeds United</td>\n      <td>eng ENG</td>\n      <td>2. Championship</td>\n      <td>13th</td>\n      <td>46.0</td>\n      <td>17.0</td>\n      <td>10.0</td>\n      <td>19.0</td>\n      <td>57.0</td>\n      <td>66.0</td>\n      <td>-9.0</td>\n      <td>61.0</td>\n      <td>21572.0</td>\n      <td>Luciano Becchio - 16</td>\n      <td>Paddy Kenny</td>\n      <td>NaN</td>\n    </tr>\n    <tr>\n      <th>9</th>\n      <td>2011-2012</td>\n      <td>Leeds United</td>\n      <td>eng ENG</td>\n      <td>2. Championship</td>\n      <td>14th</td>\n      <td>46.0</td>\n      <td>17.0</td>\n      <td>10.0</td>\n      <td>19.0</td>\n      <td>65.0</td>\n      <td>68.0</td>\n      <td>-3.0</td>\n      <td>61.0</td>\n      <td>23283.0</td>\n      <td>Ross McCormack - 18</td>\n      <td>Andy Lonergan</td>\n      <td>NaN</td>\n    </tr>\n    <tr>\n      <th>10</th>\n      <td>2010-2011</td>\n      <td>Leeds United</td>\n      <td>eng ENG</td>\n      <td>2. Championship</td>\n      <td>7th</td>\n      <td>46.0</td>\n      <td>19.0</td>\n      <td>15.0</td>\n      <td>12.0</td>\n      <td>81.0</td>\n      <td>70.0</td>\n      <td>11.0</td>\n      <td>72.0</td>\n      <td>27299.0</td>\n      <td>Luciano Becchio - 19</td>\n      <td>Kasper Schmeichel</td>\n      <td>NaN</td>\n    </tr>\n    <tr>\n      <th>11</th>\n      <td>2009-2010</td>\n      <td>Leeds United</td>\n      <td>eng ENG</td>\n      <td>3. League One</td>\n      <td>2nd</td>\n      <td>46.0</td>\n      <td>25.0</td>\n      <td>11.0</td>\n      <td>10.0</td>\n      <td>77.0</td>\n      <td>44.0</td>\n      <td>33.0</td>\n      <td>86.0</td>\n      <td>24818.0</td>\n      <td>Jermaine Beckford - 25</td>\n      <td>Casper Ankergren</td>\n      <td>Promoted</td>\n    </tr>\n    <tr>\n      <th>12</th>\n      <td>2008-2009</td>\n      <td>Leeds United</td>\n      <td>eng ENG</td>\n      <td>3. League One</td>\n      <td>4th</td>\n      <td>46.0</td>\n      <td>26.0</td>\n      <td>6.0</td>\n      <td>14.0</td>\n      <td>77.0</td>\n      <td>49.0</td>\n      <td>28.0</td>\n      <td>84.0</td>\n      <td>23639.0</td>\n      <td>Jermaine Beckford - 26</td>\n      <td>Casper Ankergren</td>\n      <td>→ Semi-finals</td>\n    </tr>\n    <tr>\n      <th>13</th>\n      <td>2007-2008</td>\n      <td>Leeds United</td>\n      <td>eng ENG</td>\n      <td>3. League One</td>\n      <td>5th</td>\n      <td>46.0</td>\n      <td>27.0</td>\n      <td>10.0</td>\n      <td>9.0</td>\n      <td>72.0</td>\n      <td>38.0</td>\n      <td>34.0</td>\n      <td>76.0</td>\n      <td>26546.0</td>\n      <td>Jermaine Beckford - 20</td>\n      <td>Casper Ankergren</td>\n      <td>→ Semi-finals  15-point deduction *</td>\n    </tr>\n    <tr>\n      <th>14</th>\n      <td>2006-2007</td>\n      <td>Leeds United</td>\n      <td>eng ENG</td>\n      <td>2. Championship</td>\n      <td>24th</td>\n      <td>46.0</td>\n      <td>13.0</td>\n      <td>7.0</td>\n      <td>26.0</td>\n      <td>46.0</td>\n      <td>72.0</td>\n      <td>-26.0</td>\n      <td>36.0</td>\n      <td>21613.0</td>\n      <td>David Healy - 11</td>\n      <td>Casper Ankergren</td>\n      <td>Relegated 10-point deduction *</td>\n    </tr>\n    <tr>\n      <th>15</th>\n      <td>2005-2006</td>\n      <td>Leeds United</td>\n      <td>eng ENG</td>\n      <td>2. Championship</td>\n      <td>5th</td>\n      <td>46.0</td>\n      <td>21.0</td>\n      <td>15.0</td>\n      <td>10.0</td>\n      <td>57.0</td>\n      <td>38.0</td>\n      <td>19.0</td>\n      <td>78.0</td>\n      <td>22891.0</td>\n      <td>Rob Hulse David Healy - 12</td>\n      <td>Neil Sullivan</td>\n      <td>→ Semi-finals</td>\n    </tr>\n    <tr>\n      <th>16</th>\n      <td>2004-2005</td>\n      <td>Leeds United</td>\n      <td>eng ENG</td>\n      <td>2. Championship</td>\n      <td>14th</td>\n      <td>46.0</td>\n      <td>14.0</td>\n      <td>18.0</td>\n      <td>14.0</td>\n      <td>49.0</td>\n      <td>52.0</td>\n      <td>-3.0</td>\n      <td>60.0</td>\n      <td>29207.0</td>\n      <td>David Healy - 12</td>\n      <td>Neil Sullivan</td>\n      <td>NaN</td>\n    </tr>\n    <tr>\n      <th>17</th>\n      <td>2003-2004</td>\n      <td>Leeds United</td>\n      <td>eng ENG</td>\n      <td>1. Premiership</td>\n      <td>19th</td>\n      <td>38.0</td>\n      <td>8.0</td>\n      <td>9.0</td>\n      <td>21.0</td>\n      <td>40.0</td>\n      <td>79.0</td>\n      <td>-39.0</td>\n      <td>33.0</td>\n      <td>36666.0</td>\n      <td>Mark Viduka - 11</td>\n      <td>Paul Robinson</td>\n      <td>Relegated</td>\n    </tr>\n    <tr>\n      <th>18</th>\n      <td>2002-2003</td>\n      <td>Leeds United</td>\n      <td>eng ENG</td>\n      <td>1. Premiership</td>\n      <td>15th</td>\n      <td>38.0</td>\n      <td>14.0</td>\n      <td>5.0</td>\n      <td>19.0</td>\n      <td>58.0</td>\n      <td>57.0</td>\n      <td>1.0</td>\n      <td>47.0</td>\n      <td>39120.0</td>\n      <td>Mark Viduka - 20</td>\n      <td>Paul Robinson</td>\n      <td>NaN</td>\n    </tr>\n    <tr>\n      <th>19</th>\n      <td>2001-2002</td>\n      <td>Leeds United</td>\n      <td>eng ENG</td>\n      <td>1. Premiership</td>\n      <td>5th</td>\n      <td>38.0</td>\n      <td>18.0</td>\n      <td>12.0</td>\n      <td>8.0</td>\n      <td>53.0</td>\n      <td>37.0</td>\n      <td>16.0</td>\n      <td>66.0</td>\n      <td>39752.0</td>\n      <td>Robbie Fowler - 15</td>\n      <td>Nigel Martyn</td>\n      <td>→ UEFA Cup via league finish</td>\n    </tr>\n    <tr>\n      <th>20</th>\n      <td>2000-2001</td>\n      <td>Leeds United</td>\n      <td>eng ENG</td>\n      <td>1. Premiership</td>\n      <td>4th</td>\n      <td>38.0</td>\n      <td>20.0</td>\n      <td>8.0</td>\n      <td>10.0</td>\n      <td>64.0</td>\n      <td>43.0</td>\n      <td>21.0</td>\n      <td>68.0</td>\n      <td>38974.0</td>\n      <td>Mark Viduka - 17</td>\n      <td>Nigel Martyn</td>\n      <td>→ UEFA Cup via league finish</td>\n    </tr>\n    <tr>\n      <th>21</th>\n      <td>1999-2000</td>\n      <td>Leeds United</td>\n      <td>eng ENG</td>\n      <td>1. Premiership</td>\n      <td>3rd</td>\n      <td>38.0</td>\n      <td>21.0</td>\n      <td>6.0</td>\n      <td>11.0</td>\n      <td>58.0</td>\n      <td>43.0</td>\n      <td>15.0</td>\n      <td>69.0</td>\n      <td>39154.0</td>\n      <td>Michael Bridges - 19</td>\n      <td>Nigel Martyn</td>\n      <td>→ UEFA Champions League via league finish</td>\n    </tr>\n    <tr>\n      <th>22</th>\n      <td>1998-1999</td>\n      <td>Leeds United</td>\n      <td>eng ENG</td>\n      <td>1. Premiership</td>\n      <td>4th</td>\n      <td>38.0</td>\n      <td>18.0</td>\n      <td>13.0</td>\n      <td>7.0</td>\n      <td>62.0</td>\n      <td>34.0</td>\n      <td>28.0</td>\n      <td>67.0</td>\n      <td>35845.0</td>\n      <td>Jimmy Floyd Hasselbaink - 18</td>\n      <td>Nigel Martyn</td>\n      <td>→ UEFA Cup via league finish</td>\n    </tr>\n    <tr>\n      <th>23</th>\n      <td>1997-1998</td>\n      <td>Leeds United</td>\n      <td>eng ENG</td>\n      <td>1. Premiership</td>\n      <td>5th</td>\n      <td>38.0</td>\n      <td>17.0</td>\n      <td>8.0</td>\n      <td>13.0</td>\n      <td>57.0</td>\n      <td>46.0</td>\n      <td>11.0</td>\n      <td>59.0</td>\n      <td>34444.0</td>\n      <td>Jimmy Floyd Hasselbaink - 16</td>\n      <td>Nigel Martyn</td>\n      <td>→ UEFA Cup via league finish</td>\n    </tr>\n    <tr>\n      <th>24</th>\n      <td>1996-1997</td>\n      <td>Leeds United</td>\n      <td>eng ENG</td>\n      <td>1. Premiership</td>\n      <td>11th</td>\n      <td>38.0</td>\n      <td>11.0</td>\n      <td>13.0</td>\n      <td>14.0</td>\n      <td>28.0</td>\n      <td>38.0</td>\n      <td>-10.0</td>\n      <td>46.0</td>\n      <td>32109.0</td>\n      <td>Brian Deane Lee Sharpe - 5</td>\n      <td>Nigel Martyn</td>\n      <td>NaN</td>\n    </tr>\n    <tr>\n      <th>25</th>\n      <td>1995-1996</td>\n      <td>Leeds United</td>\n      <td>eng ENG</td>\n      <td>1. Premiership</td>\n      <td>13th</td>\n      <td>38.0</td>\n      <td>12.0</td>\n      <td>7.0</td>\n      <td>19.0</td>\n      <td>40.0</td>\n      <td>57.0</td>\n      <td>-17.0</td>\n      <td>43.0</td>\n      <td>32413.0</td>\n      <td>Tony Yeboah - 12</td>\n      <td>John Lukic</td>\n      <td>NaN</td>\n    </tr>\n    <tr>\n      <th>26</th>\n      <td>1994-1995</td>\n      <td>Leeds United</td>\n      <td>eng ENG</td>\n      <td>1. Premiership</td>\n      <td>5th</td>\n      <td>42.0</td>\n      <td>20.0</td>\n      <td>13.0</td>\n      <td>9.0</td>\n      <td>59.0</td>\n      <td>38.0</td>\n      <td>21.0</td>\n      <td>73.0</td>\n      <td>33433.0</td>\n      <td>Tony Yeboah - 12</td>\n      <td>John Lukic</td>\n      <td>→ UEFA Cup via league finish</td>\n    </tr>\n    <tr>\n      <th>27</th>\n      <td>1993-1994</td>\n      <td>Leeds United</td>\n      <td>eng ENG</td>\n      <td>1. Premiership</td>\n      <td>5th</td>\n      <td>42.0</td>\n      <td>18.0</td>\n      <td>16.0</td>\n      <td>8.0</td>\n      <td>65.0</td>\n      <td>39.0</td>\n      <td>26.0</td>\n      <td>70.0</td>\n      <td>36368.0</td>\n      <td>Rod Wallace - 17</td>\n      <td>Mark Beeney</td>\n      <td>NaN</td>\n    </tr>\n    <tr>\n      <th>28</th>\n      <td>1992-1993</td>\n      <td>Leeds United</td>\n      <td>eng ENG</td>\n      <td>1. Premiership</td>\n      <td>17th</td>\n      <td>42.0</td>\n      <td>12.0</td>\n      <td>15.0</td>\n      <td>15.0</td>\n      <td>57.0</td>\n      <td>62.0</td>\n      <td>-5.0</td>\n      <td>51.0</td>\n      <td>29229.0</td>\n      <td>Lee Chapman - 13</td>\n      <td>John Lukic</td>\n      <td>NaN</td>\n    </tr>\n  </tbody>\n</table>\n</div>"
     },
     "metadata": {},
     "execution_count": 2
    }
   ],
   "source": [
    "df =  pd.read_csv('data.txt')\n",
    "df"
   ]
  },
  {
   "cell_type": "code",
   "execution_count": 3,
   "metadata": {},
   "outputs": [],
   "source": [
    "#setting values for each competition\n",
    "df.loc[df['Comp'] == '3. League One','Comp_num'] = 1\n",
    "df.loc[df['Comp'] == '2. Championship','Comp_num'] = 2\n",
    "df.loc[df['Comp'] == '1. Premiership','Comp_num'] = 3\n",
    "#sorting \n",
    "df.sort_index(ascending = False, inplace = True)"
   ]
  },
  {
   "cell_type": "code",
   "execution_count": 4,
   "metadata": {},
   "outputs": [
    {
     "output_type": "execute_result",
     "data": {
      "text/plain": "       Season         Squad  Country             Comp LgRank    MP     W  \\\n28  1992-1993  Leeds United  eng ENG   1. Premiership   17th  42.0  12.0   \n27  1993-1994  Leeds United  eng ENG   1. Premiership    5th  42.0  18.0   \n26  1994-1995  Leeds United  eng ENG   1. Premiership    5th  42.0  20.0   \n25  1995-1996  Leeds United  eng ENG   1. Premiership   13th  38.0  12.0   \n24  1996-1997  Leeds United  eng ENG   1. Premiership   11th  38.0  11.0   \n23  1997-1998  Leeds United  eng ENG   1. Premiership    5th  38.0  17.0   \n22  1998-1999  Leeds United  eng ENG   1. Premiership    4th  38.0  18.0   \n21  1999-2000  Leeds United  eng ENG   1. Premiership    3rd  38.0  21.0   \n20  2000-2001  Leeds United  eng ENG   1. Premiership    4th  38.0  20.0   \n19  2001-2002  Leeds United  eng ENG   1. Premiership    5th  38.0  18.0   \n18  2002-2003  Leeds United  eng ENG   1. Premiership   15th  38.0  14.0   \n17  2003-2004  Leeds United  eng ENG   1. Premiership   19th  38.0   8.0   \n16  2004-2005  Leeds United  eng ENG  2. Championship   14th  46.0  14.0   \n15  2005-2006  Leeds United  eng ENG  2. Championship    5th  46.0  21.0   \n14  2006-2007  Leeds United  eng ENG  2. Championship   24th  46.0  13.0   \n13  2007-2008  Leeds United  eng ENG    3. League One    5th  46.0  27.0   \n12  2008-2009  Leeds United  eng ENG    3. League One    4th  46.0  26.0   \n11  2009-2010  Leeds United  eng ENG    3. League One    2nd  46.0  25.0   \n10  2010-2011  Leeds United  eng ENG  2. Championship    7th  46.0  19.0   \n9   2011-2012  Leeds United  eng ENG  2. Championship   14th  46.0  17.0   \n8   2012-2013  Leeds United  eng ENG  2. Championship   13th  46.0  17.0   \n7   2013-2014  Leeds United  eng ENG  2. Championship   15th  46.0  16.0   \n6   2014-2015  Leeds United  eng ENG  2. Championship   15th  46.0  15.0   \n5   2015-2016  Leeds United  eng ENG  2. Championship   13th  46.0  14.0   \n4   2016-2017  Leeds United  eng ENG  2. Championship    7th  46.0  22.0   \n3   2017-2018  Leeds United  eng ENG  2. Championship   13th  46.0  17.0   \n2   2018-2019  Leeds United  eng ENG  2. Championship    3rd  46.0  25.0   \n1   2019-2020  Leeds United  eng ENG  2. Championship    1st  45.0  27.0   \n0   2020-2021  Leeds United  eng ENG   1. Premiership    NaN   NaN   NaN   \n\n       D     L    GF    GA  GDiff   Pts  Attendance  \\\n28  15.0  15.0  57.0  62.0   -5.0  51.0     29229.0   \n27  16.0   8.0  65.0  39.0   26.0  70.0     36368.0   \n26  13.0   9.0  59.0  38.0   21.0  73.0     33433.0   \n25   7.0  19.0  40.0  57.0  -17.0  43.0     32413.0   \n24  13.0  14.0  28.0  38.0  -10.0  46.0     32109.0   \n23   8.0  13.0  57.0  46.0   11.0  59.0     34444.0   \n22  13.0   7.0  62.0  34.0   28.0  67.0     35845.0   \n21   6.0  11.0  58.0  43.0   15.0  69.0     39154.0   \n20   8.0  10.0  64.0  43.0   21.0  68.0     38974.0   \n19  12.0   8.0  53.0  37.0   16.0  66.0     39752.0   \n18   5.0  19.0  58.0  57.0    1.0  47.0     39120.0   \n17   9.0  21.0  40.0  79.0  -39.0  33.0     36666.0   \n16  18.0  14.0  49.0  52.0   -3.0  60.0     29207.0   \n15  15.0  10.0  57.0  38.0   19.0  78.0     22891.0   \n14   7.0  26.0  46.0  72.0  -26.0  36.0     21613.0   \n13  10.0   9.0  72.0  38.0   34.0  76.0     26546.0   \n12   6.0  14.0  77.0  49.0   28.0  84.0     23639.0   \n11  11.0  10.0  77.0  44.0   33.0  86.0     24818.0   \n10  15.0  12.0  81.0  70.0   11.0  72.0     27299.0   \n9   10.0  19.0  65.0  68.0   -3.0  61.0     23283.0   \n8   10.0  19.0  57.0  66.0   -9.0  61.0     21572.0   \n7    9.0  21.0  59.0  67.0   -8.0  57.0     25088.0   \n6   11.0  20.0  50.0  61.0  -11.0  56.0     24052.0   \n5   17.0  15.0  50.0  58.0   -8.0  59.0     22446.0   \n4    9.0  15.0  61.0  47.0   14.0  75.0     27698.0   \n3    9.0  20.0  59.0  64.0   -5.0  60.0     31525.0   \n2    8.0  13.0  73.0  50.0   23.0  83.0     34033.0   \n1    9.0   9.0  73.0  35.0   38.0  90.0     35321.0   \n0    NaN   NaN   NaN   NaN    NaN   NaN         NaN   \n\n                 Top Team Scorer              Goalkeeper  \\\n28              Lee Chapman - 13              John Lukic   \n27              Rod Wallace - 17             Mark Beeney   \n26              Tony Yeboah - 12              John Lukic   \n25              Tony Yeboah - 12              John Lukic   \n24    Brian Deane Lee Sharpe - 5            Nigel Martyn   \n23  Jimmy Floyd Hasselbaink - 16            Nigel Martyn   \n22  Jimmy Floyd Hasselbaink - 18            Nigel Martyn   \n21          Michael Bridges - 19            Nigel Martyn   \n20              Mark Viduka - 17            Nigel Martyn   \n19            Robbie Fowler - 15            Nigel Martyn   \n18              Mark Viduka - 20           Paul Robinson   \n17              Mark Viduka - 11           Paul Robinson   \n16              David Healy - 12           Neil Sullivan   \n15    Rob Hulse David Healy - 12           Neil Sullivan   \n14              David Healy - 11        Casper Ankergren   \n13        Jermaine Beckford - 20        Casper Ankergren   \n12        Jermaine Beckford - 26        Casper Ankergren   \n11        Jermaine Beckford - 25        Casper Ankergren   \n10          Luciano Becchio - 19       Kasper Schmeichel   \n9            Ross McCormack - 18           Andy Lonergan   \n8           Luciano Becchio - 16             Paddy Kenny   \n7            Ross McCormack - 28             Paddy Kenny   \n6           Mirco Antenucci - 10         Marco Silvestri   \n5                Chris Wood - 13         Marco Silvestri   \n4                Chris Wood - 27            Robert Green   \n3               Kemar Roofe - 11          Felix Wiedwald   \n2               Kemar Roofe - 14  Bailey Peacock-Farrell   \n1           Patrick Bamford - 16            Kiko Casilla   \n0                            NaN                     NaN   \n\n                                        Notes  Comp_num  \n28                                        NaN       3.0  \n27                                        NaN       3.0  \n26               → UEFA Cup via league finish       3.0  \n25                                        NaN       3.0  \n24                                        NaN       3.0  \n23               → UEFA Cup via league finish       3.0  \n22               → UEFA Cup via league finish       3.0  \n21  → UEFA Champions League via league finish       3.0  \n20               → UEFA Cup via league finish       3.0  \n19               → UEFA Cup via league finish       3.0  \n18                                        NaN       3.0  \n17                                  Relegated       3.0  \n16                                        NaN       2.0  \n15                              → Semi-finals       2.0  \n14             Relegated 10-point deduction *       2.0  \n13        → Semi-finals  15-point deduction *       1.0  \n12                              → Semi-finals       1.0  \n11                                   Promoted       1.0  \n10                                        NaN       2.0  \n9                                         NaN       2.0  \n8                                         NaN       2.0  \n7                                         NaN       2.0  \n6                                         NaN       2.0  \n5                                         NaN       2.0  \n4                                         NaN       2.0  \n3                                         NaN       2.0  \n2                               → Semi-finals       2.0  \n1                                    Promoted       2.0  \n0                                         NaN       3.0  ",
